1
0
0.18262048065662384
0.1897822767496109 
0.18732811510562897 
0.1876646727323532 
0.182346373796463 
0.18606624007225037 
0.20288611948490143 
0.20453137159347534 
0.20161107182502747 
0.20976123213768005 
0.20856332778930664 
0.20568567514419556
0.20318356156349182
0.20131799578666687
0.2094995081424713
0.20006778836250305
0.20833775401115417
0.2089955359697342
0.2002711296081543
0.20733138918876648
0.19754518568515778
0.19875407218933105
0.1897822767496109
0.19580817222595215
0.19577030837535858
0.1980058252811432
0.18732811510562897
0.1876646727323532
0.19888091087341309
0.19688308238983154
0.19960322